232	0.30504703521728516	144	0.15665769577026367
79	0.05618858337402344	256	0.3746509552001953
110	0.07818913459777832	42	0.016585350036621094
110	0.08197546005249023	249	0.3546936511993408
212	0.232224702835083	383	0.7372996807098389
77	0.048523902893066406	159	0.16264939308166504
209	0.28232455253601074	110	0.0895073413848877
154	0.14255833625793457	46	0.02387070655822754
74	0.04297208786010742	374	0.761174201965332
120	0.09270644187927246	114	0.0960686206817627
306	0.5107555389404297	169	0.17161917686462402
216	0.24388456344604492	106	0.08151483535766602
88	0.06588554382324219	63	0.031502485275268555
89	0.05618762969970703	55	0.023962974548339844
284	0.43634462356567383	90	0.05596923828125
133	0.12600946426391602	140	0.1145472526550293
61	0.030057430267333984	206	0.23517203330993652
82	0.0547938346862793	339	0.5537750720977783
117	0.09208512306213379	143	0.12500452995300293
339	0.6137504577636719	221	0.2620534896850586
67	0.040375471115112305	75	0.04871535301208496
280	0.5125019550323486	220	0.2693774700164795
115	0.09681057929992676	93	0.08033633232116699
181	0.18568658828735352	128	0.12012743949890137
113	0.08051681518554688	245	0.33003759384155273
112	0.08805584907531738	120	0.08814048767089844
336	0.6429855823516846	69	0.040110111236572266
146	0.1520845890045166	96	0.07231521606445312
169	0.1683950424194336	88	0.05611753463745117
252	0.3483912944793701	216	0.26163411140441895
156	0.1444869041442871	149	0.15295028686523438
103	0.08765339851379395	294	0.47571325302124023
195	0.2164294719696045	135	0.10678339004516602
309	0.5260636806488037	28	0.007952690124511719
119	0.08600759506225586	85	0.056114912033081055
92	0.06130194664001465	90	0.056463003158569336
211	0.26562070846557617	249	0.3230113983154297
244	0.346466064453125	56	0.035610198974609375
78	0.0475916862487793	81	0.047995805740356445
179	0.20918655395507812	71	0.04613971710205078
131	0.12095785140991211	135	0.11728286743164062
250	0.3448488712310791	84	0.056427717208862305
208	0.23234295845031738	275	0.3836815357208252
87	0.049086570739746094	15	0.008001327514648438
96	0.0641489028930664	190	0.20943999290466309
558	1.5625643730163574	147	0.13019347190856934
263	0.4100074768066406	306	0.5206530094146729
115	0.0886986255645752	76	0.056401968002319336
153	0.17008733749389648	145	0.13066554069519043
65	0.04781532287597656	42	0.025612592697143555
148	0.1217503547668457	47	0.02460932731628418
141	0.12953853607177734	158	0.1536703109741211
116	0.08057785034179688	20	0.008443355560302734
259	0.3834829330444336	262	0.370959997177124
246	0.33048582077026367	92	0.06358838081359863
241	0.31029796600341797	44	0.02400660514831543
65	0.04000282287597656	63	0.03210854530334473
187	0.2326030731201172	153	0.14635348320007324
78	0.05013847351074219	67	0.03257870674133301
205	0.23073458671569824	143	0.12475085258483887
203	0.2734062671661377	127	0.11210274696350098
66	0.0320127010345459	108	0.10409760475158691
60	0.03238630294799805	87	0.055994510650634766
128	0.12922120094299316	128	0.1042017936706543
188	0.23166346549987793	46	0.0244600772857666
173	0.1764683723449707	129	0.11159348487854004
192	0.2082502841949463	50	0.03191661834716797
336	0.6587944030761719	265	0.37636375427246094
421	0.9174115657806396	90	0.06746459007263184
45	0.025925636291503906	38	0.01648736000061035
54	0.020556926727294922	70	0.040419578552246094
167	0.17776942253112793	291	0.4411444664001465
155	0.15365934371948242	101	0.0740823745727539
155	0.16048216819763184	134	0.1216273307800293
436	0.9653639793395996	83	0.056508779525756836
161	0.16978144645690918	183	0.18735551834106445
59	0.024097681045532227	23	0.007913351058959961
245	0.355271577835083	118	0.08994340896606445
19	0.0	119	0.11787223815917969
194	0.24634885787963867	130	0.10477280616760254
143	0.15277552604675293	69	0.039999961853027344
37	0.0202944278717041	261	0.34621262550354004
151	0.14468979835510254	85	0.05738019943237305
359	0.6913213729858398	175	0.1867048740386963
200	0.24125123023986816	91	0.08158612251281738
408	0.9585814476013184	407	0.9022455215454102
137	0.11897087097167969	160	0.16272449493408203
343	0.6492407321929932	132	0.10730433464050293
170	0.1824326515197754	136	0.12044811248779297
80	0.07151126861572266	150	0.15713906288146973
224	0.3185102939605713	66	0.03180527687072754
133	0.12042522430419922	119	0.09462738037109375
99	0.09305310249328613	106	0.07271885871887207
157	0.16164946556091309	147	0.1379528045654297
288	0.5127871036529541	189	0.22356224060058594
173	0.24409246444702148	86	0.06476426124572754
328	0.5899755954742432	181	0.20911622047424316
243	0.3702535629272461	45	0.017701148986816406
70	0.04347848892211914	138	0.12163329124450684
59	0.03320145606994629	116	0.08972883224487305
319	0.5997903347015381	272	0.46168017387390137
139	0.12280511856079102	116	0.11860036849975586
205	0.25554418563842773	367	0.7086143493652344
395	0.8843419551849365	79	0.057886362075805664
406	0.9233179092407227	265	0.3703649044036865
136	0.13051986694335938	106	0.08006548881530762
152	0.17566394805908203	89	0.06479239463806152
493	1.3648889064788818	111	0.09825253486633301
67	0.0408778190612793	106	0.08905315399169922
256	0.3924720287322998	105	0.07322120666503906
54	0.023998022079467773	113	0.0962378978729248
143	0.13354182243347168	124	0.09606027603149414
157	0.15412688255310059	139	0.13640713691711426
245	0.32961034774780273	79	0.06407332420349121
392	0.8765547275543213	273	0.4143857955932617
231	0.289623498916626	180	0.1912083625793457
63	0.03352928161621094	170	0.1696319580078125
290	0.499830961227417	122	0.11208271980285645
133	0.11217927932739258	58	0.03995323181152344
261	0.3903806209564209	294	0.4557816982269287
473	1.1736276149749756	251	0.35692381858825684
136	0.1289224624633789	118	0.09692525863647461
151	0.15264534950256348	158	0.1544198989868164
184	0.2623631954193115	28	0.00800633430480957
76	0.048636674880981445	87	0.05640149116516113
242	0.3311479091644287	88	0.06450986862182617
8	0.0	18	0.004877328872680664
168	0.17714500427246094	184	0.20968341827392578
136	0.12085342407226562	87	0.05641961097717285
166	0.19378948211669922	190	0.22357511520385742
224	0.30876874923706055	128	0.10508847236633301
269	0.44332337379455566	176	0.17850279808044434
82	0.05655646324157715	30	0.015122175216674805
161	0.16167926788330078	141	0.13156771659851074
155	0.1557011604309082	39	0.024000883102416992
136	0.11204361915588379	45	0.024723529815673828
113	0.08833742141723633	121	0.09608983993530273
134	0.11258411407470703	201	0.2514204978942871
191	0.23812317848205566	80	0.05623888969421387
37	0.017652511596679688	269	0.4040203094482422
106	0.09556126594543457	44	0.024028539657592773
200	0.2564888000488281	206	0.26564812660217285
261	0.4538381099700928	275	0.3989560604095459
205	0.2582993507385254	35	0.016178369522094727
122	0.11246633529663086	52	0.0240018367767334
71	0.0401914119720459	44	0.015999794006347656
96	0.06402373313903809	26	0.008014917373657227
47	0.016031265258789062	48	0.024071693420410156
170	0.20279598236083984	196	0.22759056091308594
145	0.12848925590515137	106	0.08889985084533691
152	0.12143087387084961	152	0.152878999710083
126	0.096038818359375	28	0.01600050926208496
86	0.07213926315307617	105	0.08878493309020996
284	0.45921921730041504	205	0.24124479293823242
181	0.19256925582885742	54	0.04802656173706055
213	0.32441234588623047	212	0.2567017078399658
228	0.325725793838501	137	0.12829136848449707
427	0.9797983169555664	150	0.18392682075500488
302	0.4592280387878418	113	0.08179402351379395
166	0.20023822784423828	155	0.1531515121459961
110	0.08564186096191406	273	0.37972307205200195
49	0.024105310440063477	91	0.06390118598937988
117	0.09614276885986328	90	0.06433486938476562
80	0.04877972602844238	330	0.5599148273468018
247	0.3377256393432617	32	0.016913414001464844
174	0.2042994499206543	94	0.06476116180419922
235	0.3468928337097168	129	0.11342310905456543
106	0.08852052688598633	63	0.03815436363220215
121	0.09897351264953613	91	0.0651402473449707
253	0.35677075386047363	271	0.41931867599487305
248	0.380521297454834	203	0.24758315086364746
213	0.25069165229797363	153	0.17127299308776855
60	0.04010963439941406	108	0.08997297286987305
174	0.18301773071289062	222	0.31539416313171387
32	0.014124393463134766	83	0.05693531036376953
283	0.5112988948822021	122	0.12032151222229004
305	0.5645458698272705	129	0.10611701011657715
153	0.16618561744689941	213	0.2732968330383301
136	0.13587164878845215	239	0.3189547061920166
109	0.09649991989135742	85	0.05641579627990723
144	0.1513071060180664	157	0.14461088180541992
220	0.3376431465148926	67	0.03998589515686035
90	0.06323003768920898	186	0.1924726963043213
114	0.09666585922241211	54	0.040798187255859375
501	1.299424409866333	146	0.11979508399963379
66	0.048821449279785156	33	0.01621556282043457
47	0.024010181427001953	88	0.05639052391052246
107	0.07926583290100098	213	0.2576608657836914
148	0.15285944938659668	99	0.07309341430664062
324	0.6054041385650635	302	0.4813880920410156
211	0.27152132987976074	112	0.07213926315307617
158	0.20646286010742188	212	0.2844870090484619
170	0.1931743621826172	95	0.07307767868041992
71	0.046700477600097656	187	0.21949172019958496
60	0.035242557525634766	87	0.06516814231872559
146	0.14592981338500977	109	0.08112144470214844
287	0.47752833366394043	116	0.09773588180541992
410	0.8988630771636963	30	0.007036685943603516
209	0.24475646018981934	68	0.03225517272949219
201	0.20856642723083496	56	0.024001121520996094
131	0.12880611419677734	91	0.05633687973022461
338	0.6142053604125977	160	0.17681217193603516
239	0.3644528388977051	142	0.16771340370178223
135	0.12665510177612305	276	0.44441747665405273
98	0.06731772422790527	23	0.008027315139770508
448	1.0489957332611084	98	0.07304978370666504
219	0.3160579204559326	46	0.03230643272399902
158	0.15923714637756348	113	0.08939862251281738
320	0.5312244892120361	108	0.10354471206665039
196	0.22115564346313477	27	0.01162862777709961
101	0.08060765266418457	46	0.02431941032409668
116	0.08841156959533691	197	0.23816347122192383
22	0.008103132247924805	101	0.08834266662597656
74	0.030184507369995117	39	0.023906946182250977
198	0.2746131420135498	263	0.3838791847229004
72	0.032009124755859375	154	0.1448225975036621
68	0.03661298751831055	63	0.05656599998474121
134	0.11607146263122559	178	0.21432948112487793
127	0.11400628089904785	76	0.056958675384521484
62	0.03505563735961914	15	0.006014585494995117
72	0.0482330322265625	92	0.05732440948486328
224	0.2825000286102295	100	0.07251787185668945
143	0.14252662658691406	109	0.08851361274719238
349	0.6757111549377441	132	0.11343193054199219
131	0.11300897598266602	77	0.04871106147766113
211	0.2893390655517578	82	0.06073117256164551
60	0.03200197219848633	114	0.08855509757995605
73	0.07225728034973145	21	0.031903982162475586
61	0.024101972579956055	89	0.05622506141662598
244	0.32880663871765137	210	0.2491908073425293
123	0.09610819816589355	97	0.06408309936523438
169	0.18301844596862793	179	0.21974587440490723
374	0.7707352638244629	274	0.43030691146850586
111	0.07015776634216309	159	0.15218424797058105
114	0.10835862159729004	81	0.04913592338562012
236	0.4060096740722656	220	0.28475451469421387
344	0.5230362415313721	289	0.3722507953643799
247	0.2579009532928467	278	0.3233175277709961
68	0.03651261329650879	165	0.14381623268127441
84	0.04265880584716797	129	0.0854959487915039
282	0.36824536323547363	224	0.23146796226501465
195	0.19980740547180176	94	0.06418657302856445
620	1.4578676223754883	91	0.06026268005371094
142	0.10975170135498047	107	0.07926321029663086
166	0.15013384819030762	28	0.009996175765991211
132	0.09763574600219727	36	0.015001773834228516
14	0.001999378204345703	22	0.007013559341430664
346	0.5286486148834229	69	0.03477168083190918
196	0.410982608795166	78	0.11261415481567383
369	1.1443696022033691	84	0.16812634468078613
67	0.10008001327514648	79	0.13144183158874512
317	0.8898720741271973	23	0.0160062313079834
237	0.561290979385376	70	0.08805537223815918
142	0.2561826705932617	78	0.08828616142272949
186	0.37535595893859863	72	0.08858084678649902
170	0.27283811569213867	121	0.21637487411499023
139	0.19242572784423828	182	0.36874961853027344
226	0.5217690467834473	92	0.12817883491516113
314	1.0176925659179688	151	0.29636478424072266
89	0.1041557788848877	88	0.12019205093383789
197	0.38377904891967773	159	0.30468320846557617
129	0.19316911697387695	23	0.007902145385742188
119	0.16060733795166016	80	0.09570050239562988
181	0.30472230911254883	76	0.10416197776794434
242	0.5874240398406982	33	0.023993968963623047
359	1.138559341430664	79	0.08947968482971191
172	0.28052616119384766	58	0.07198548316955566
204	0.37659239768981934	184	0.5052220821380615
343	1.0729665756225586	77	0.08803200721740723
69	0.07206273078918457	157	0.2806365489959717
82	0.07212615013122559	62	0.05640268325805664
279	0.7611062526702881	50	0.056185007095336914
60	0.06407403945922852	48	0.04802823066711426
103	0.1524066925048828	23	0.016112089157104492
365	1.185326099395752	163	0.3126668930053711
263	0.712848424911499	77	0.09649467468261719
175	0.43218111991882324	50	0.06455326080322266
137	0.22072672843933105	78	0.08412289619445801
79	0.08817696571350098	56	0.04812765121459961
262	0.6088941097259521	57	0.06404352188110352
183	0.3441472053527832	62	0.07216429710388184
156	0.24867033958435059	88	0.13620805740356445
144	0.25609517097473145	38	0.024074316024780273
92	0.11484813690185547	105	0.1764228343963623
255	0.6894688606262207	74	0.08818936347961426
226	0.5210206508636475	166	0.3607759475708008
214	0.5129690170288086	40	0.0720052719116211
327	0.9846646785736084	147	0.30461907386779785
235	0.4640817642211914	173	0.44825053215026855
120	0.19233202934265137	90	0.16024065017700195
143	0.3456602096557617	123	0.49913763999938965
146	0.4398322105407715	96	0.14389657974243164
118	0.1613306999206543	56	0.05708599090576172
121	0.18497800827026367	35	0.024104595184326172
91	0.11625003814697266	42	0.04616951942443848
105	0.15024590492248535	90	0.12097573280334473
196	0.4072897434234619	99	0.23260283470153809
310	1.4043340682983398	71	0.1201329231262207
400	1.7553493976593018	124	0.20409750938415527
139	0.20907306671142578	148	0.3007524013519287
141	0.2567167282104492	161	0.4343912601470947
196	0.5047144889831543	17	0.01600360870361328
277	0.8782482147216797	67	0.08142995834350586
207	0.4212219715118408	30	0.018008708953857422
233	0.5505001544952393	88	0.12105488777160645
116	0.20862221717834473	114	0.31246161460876465
447	3.0774686336517334	77	0.12806439399719238
154	0.2982056140899658	75	0.10029888153076172
69	0.16817545890808105	69	0.17612671852111816
418	2.0916903018951416	145	0.3004119396209717
172	0.49944114685058594	39	0.06409382820129395
213	0.5086617469787598	151	0.44866228103637695
175	0.4988126754760742	49	0.28293824195861816
171	0.8830251693725586	182	1.0017585754394531
224	0.7232372760772705	55	0.1615276336669922
73	0.08548927307128906	100	0.16856622695922852
136	0.2657487392425537	52	0.1361219882965088
144	0.34459543228149414	81	0.15244698524475098
110	0.18930363655090332	80	0.3643360137939453
125	0.7121503353118896	51	0.17331314086914062
129	0.9656107425689697	66	0.2702443599700928
137	0.8497099876403809	139	1.0022227764129639
121	0.8594315052032471	93	0.6773631572723389
174	1.0340948104858398	69	0.25264596939086914
324	3.06616473197937	195	1.1947929859161377
0	5	58	0.3061075210571289
42	0.14519238471984863	36	0.12923026084899902
109	0.5953633785247803	54	0.18115592002868652
19	0.0494532585144043	20	0.042079925537109375
244	2.8503494262695312	63	0.15299010276794434
317	2.3265159130096436	119	0.5528051853179932
119	0.28093385696411133	56	0.07880973815917969
248	0.6496105194091797	75	0.11214637756347656
35	0.047628164291381836	36	0.03998827934265137
54	0.06395697593688965	34	0.04007101058959961
49	0.07199239730834961	77	0.16031336784362793
110	0.1768484115600586	173	0.43245434761047363
228	0.6097676753997803	80	0.11166834831237793
244	0.7214782238006592	72	0.10414290428161621
208	0.4972383975982666	101	0.16201400756835938
128	0.22465944290161133	26	0.01599597930908203
136	0.23256707191467285	9	0.0
119	0.14438700675964355	24	0.008000850677490234
116	0.16819262504577637	71	0.09647035598754883
409	2.2142083644866943	56	0.06464171409606934
116	0.15472102165222168	70	0.09517717361450195
196	0.5700216293334961	171	0.5076162815093994
76	0.1686868667602539	16	0.01598954200744629
222	0.667222261428833	53	0.06400227546691895
240	0.6256725788116455	44	0.04800057411193848
85	0.12006592750549316	23	0.016002178192138672
102	0.27243661880493164	23	0.016025781631469727
76	0.11209750175476074	46	0.07208728790283203
65	0.08808255195617676	24	0.017531156539916992
185	0.8518052101135254	113	0.34450769424438477
78	0.13617563247680664	116	0.31284308433532715
351	1.4143633842468262	72	0.10413479804992676
217	0.539006233215332	71	0.0865633487701416
87	0.11949706077575684	61	0.07199692726135254
197	0.4427146911621094	63	0.08030366897583008
